0 0 0 0 0 0 0 0 0 0 0 0 0 0 0 0 0 0 0 0 3F FF 0 0 0 0 0 0 0 0 0 0 0
0 0 0 0 0 0 0 0 0 3F FF 0 0 0 0 0 0 0 0 0 0 0 0 0 0 0 0 30 3 0 0 0 C0
0 0 0 0 0 0 0 0 0 0 0 0 0 0 0 0 30 3 0 0 0 C0 0 0 0 0 0 0 0 0 0 0 0
0 0 0 0 0 3F FF 0 0 0 C0 0 0 0 0 0 0 0 0 0 0 0 0 0 0 0 0 3F FF 0 0 0 C0
0 0 0 0 0 0 0 0 0 0 0 0 0 0 0 0 30 3 0 0 0 C0 0 0 0 0 0 0 0 0 0 0 0
0 0 0 0 0 30 3 0 0 0 C0 0 0 0 0 0 0 0 0 0 0 0 0 0 0 0 0 0 0 0 0 3F FF
0 0 0 0 0 0 0 0 0 0 0 0 0 0 0 0 0 0 0 0 3F FF 0 0 0 0 0 0 0 0 0 0 0
0 0 0 0 0 0 0 0 0 0 0 0 0 0 0 0 0 0 0 0 0 0 0 0 0 0 0 0 0 0 0 0 0
0 0 0 0 0 0 0 0 0 0 0 0 0 0 0 0 0 0 0 0 F C0 0 0 0 0 0 0 0 0 0 0 0
0 0 0 0 0 0 0 0 0 F C0 0 0 0 0 0 0 0 0 0 0 0 0 0 0 0 0 0 C0 0 0 33 30
0 0 0 0 0 0 0 0 0 0 0 0 0 0 0 0 0 C0 0 0 33 30 0 0 0 0 0 0 0 0 0 0 0
0 0 0 0 0 0 3F 0 0 33 30 0 0 0 0 0 0 0 0 0 0 0 0 0 0 0 0 0 3F 0 0 33 30
0 0 0 0 0 0 0 0 0 0 0 0 0 0 0 0 0 F 0 0 33 30 0 0 0 0 0 0 0 0 0 0 0
0 0 0 0 0 0 F 0 0 33 30 0 0 0 0 0 0 0 0 0 0 0 0 0 0 0 0 0 0 0 0 3 C0
0 0 0 0 0 0 0 0 0 0 0 0 0 0 0 0 0 0 0 0 3 C0 0 0 0 0 0 0 0 0 0 0 0
0 0 0 0 0 0 0 0 0 0 0 0 0 0 0 0 0 0 0 0 0 0 0 0 0 0 0 0 0 0 0 0 0
0 0 0 0 0 0 0 0 0 0 0 0 0 0 0 0 3F F0 0 0 0 0 0 0 0 0 0 0 0 0 0 0 0
0 0 0 0 0 3F F0 0 0 0 0 0 0 0 0 0 0 0 0 0 0 0 0 0 0 0 0 0 30 0 0 30 3
0 0 0 0 0 0 0 0 0 0 0 0 0 0 0 0 0 30 0 0 30 3 0 0 0 0 0 0 0 0 0 0 0
0 0 0 0 0 3F C0 0 0 3F FF 0 0 0 0 0 0 0 0 0 0 0 0 0 0 0 0 3F C0 0 0 3F FF
0 0 0 0 0 0 0 0 0 0 0 0 0 0 0 0 0 30 0 0 30 0 0 0 0 0 0 0 0 0 0 0 0
0 0 0 0 0 0 30 0 0 30 0 0 0 0 0 0 0 0 0 0 0 0 0 0 0 0 0 3F C0 0 0 0 0
0 0 0 0 0 0 0 0 0 0 0 0 0 0 0 0 3F C0 0 0 0 0 0 0 0 0 0 0 0 0 0 0 0
0 0 0 0 0 0 0 0 0 0 0 0 0 0 0 0 0 0 0 0 0 0 0 0 0 0 0 0 0 0 0 0 0
0 0 0 0 0 0 0 0 0 0 0 0 0 0 0 0 0 0 0 0 0 0 0 0 0 0 0 0 0 0 0 0 0
0 0 0 0 0 0 0 0 0 0 0 0 0 0 0 0 0 0 0 0 0 0 0 0 0 0 0 0 0 0 0 30 3
0 0 0 0 0 0 0 0 0 0 0 0 0 0 0 0 0 0 0 0 30 3 0 0 0 0 0 0 0 0 0 0 0
0 0 0 0 0 0 0 0 0 3F FF 0 0 0 0 0 0 0 0 0 0 0 0 0 0 0 0 0 0 0 0 3F FF
0 0 0 0 0 0 0 0 0 0 0 0 0 0 0 0 0 0 0 0 30 0 0 0 0 0 0 0 0 0 0 0 0
0 0 0 0 0 0 0 0 0 30 0 0 0 0 0 0 0 0 0 0 0 0 0 0 0 0 0 0 0 0 0 0 0
0 0 0 0 0 0 0 0 0 0 0 0 0 0 0 0 0 0 0 0 0 0 0 0 0 0 0 0 0 0 0 0 0
0 0 0 0 0 0 0 0 0 0 0 0 0 0 0 0 0 0 0 0 0 0 0 0 0 0 0 0 0 0 0 0 0
0 0 0 0 0 0 0 0 0 0 0 0 0 0 0 0 3F FF 0 0 F C0 0 0 0 0 0 0 0 0 0 0 0
0 0 0 0 0 3F FF 0 0 F C0 0 0 0 0 0 0 0 0 0 0 0 0 0 0 0 0 0 C3 0 0 30 30
0 0 0 0 0 0 0 0 0 0 0 0 0 0 0 0 0 C3 0 0 30 30 0 0 0 0 0 0 0 0 0 0 0
0 0 0 0 0 0 C3 0 0 30 30 0 0 0 0 0 0 0 0 0 0 0 0 0 0 0 0 0 C3 0 0 30 30
0 0 0 0 0 0 0 0 0 0 0 0 0 0 0 0 0 C3 0 0 30 30 0 0 0 0 0 0 0 0 0 0 0
0 0 0 0 0 0 C3 0 0 30 30 0 0 0 0 0 0 0 0 0 0 0 0 0 0 0 0 0 3 0 0 F C0
0 0 0 0 0 0 0 0 0 0 0 0 0 0 0 0 0 3 0 0 F C0 0 0 0 0 0 0 0 0 0 0 0
0 0 0 0 0 0 0 0 0 0 0 0 0 0 0 0 0 0 0 0 0 0 0 0 0 0 0 0 0 0 0 0 0
0 0 0 0 0 0 0 0 0 0 0 0 0 0 0 0 3F F0 0 0 0 0 0 0 0 0 0 0 0 0 0 0 0
0 0 0 0 0 3F F0 0 0 0 0 0 0 0 0 0 0 0 0 0 0 0 0 0 0 0 0 0 C0 0 0 0 0
0 0 0 0 0 0 0 0 0 0 0 0 0 0 0 0 0 C0 0 0 0 0 0 0 0 0 0 0 0 0 0 0 0
0 0 0 0 0 0 30 0 0 0 0 0 0 0 0 0 0 0 0 0 0 0 0 0 0 0 0 0 30 0 0 0 0
0 0 0 0 0 0 0 0 0 0 0 0 0 0 0 0 0 30 0 0 0 0 0 0 0 0 0 0 0 0 0 0 0
0 0 0 0 0 0 30 0 0 0 0 0 0 0 0 0 0 0 0 0 0 0 0 0 0 0 0 0 C0 0 0 0 0
0 0 0 0 0 0 0 0 0 0 0 0 0 0 0 0 0 C0 0 0 0 0 0 0 0 0 0 0 0 0 0 0 0
0 0 0 0 0 0 0 0 0 0 0 0 0 0 0 0 0 0 0 0 0 0 0 0 0 0 0 0 0 0 0 0 0
0 0 0 0 0 0 0 0 0 0 0 0 0 0 0 0 F C0 0 0 F F0 0 0 0 0 0 0 0 0 0 0 0
0 0 0 0 0 F C0 0 0 F F0 0 0 0 0 0 0 0 0 0 0 0 0 0 0 0 0 33 30 0 0 30 0
0 0 0 0 0 0 0 0 0 0 0 0 0 0 0 0 33 30 0 0 30 0 0 0 0 0 0 0 0 0 0 0 0
0 0 0 0 0 33 30 0 0 F 0 0 0 0 0 0 0 0 0 0 0 0 0 0 0 0 0 33 30 0 0 F 0
0 0 0 0 0 0 0 0 0 0 0 0 0 0 0 0 33 30 0 0 30 0 0 0 0 0 0 0 0 0 0 0 0
0 0 0 0 0 33 30 0 0 30 0 0 0 0 0 0 0 0 0 0 0 0 0 0 0 0 0 3 C0 0 0 F F0
0 0 0 0 0 0 0 0 0 0 0 0 0 0 0 0 3 C0 0 0 F F0 0 0 0 0 0 0 0 0 0 0 0
0 0 0 0 0 0 0 0 0 0 0 0 0 0 0 0 0 0 0 0 0 0 0 0 0 0 0 0 0 0 0 0 0
0 0 0 0 0 0 0 0 0 0 0 0 0 0 0 0 30 C0 0 0 F C0 0 0 0 0 0 0 0 0 0 0 0
0 0 0 0 0 30 C0 0 0 F C0 0 0 0 0 0 0 0 0 0 0 0 0 0 0 0 0 33 30 0 0 30 30
0 0 0 0 0 0 0 0 0 0 0 0 0 0 0 0 33 30 0 0 30 30 0 0 0 0 0 0 0 0 0 0 0
0 0 0 0 0 33 30 0 0 30 30 0 0 0 0 0 0 0 0 0 0 0 0 0 0 0 0 33 30 0 0 30 30
0 0 0 0 0 0 0 0 0 0 0 0 0 0 0 0 33 30 0 0 30 30 0 0 0 0 0 0 0 0 0 0 0
0 0 0 0 0 33 30 0 0 30 30 0 0 0 0 0 0 0 0 0 0 0 0 0 0 0 0 C 30 0 0 F C0
0 0 0 0 0 0 0 0 0 0 0 0 0 0 0 0 C 30 0 0 F C0 0 0 0 0 0 0 0 0 0 0 0
0 0 0 0 0 0 0 0 0 0 0 0 0 0 0 0 0 0 0 0 0 0 0 0 0 0 0 0 0 0 0 0 0
0 0 0 0 0 0 0 0 0 0 0 0 0 0 0 0 3F FF 0 0 3F F0 0 0 0 0 0 0 0 0 0 0 0
0 0 0 0 0 3F FF 0 0 3F F0 0 0 0 0 0 0 0 0 0 0 0 0 0 0 0 0 0 C0 0 0 0 C0
0 0 0 0 0 0 0 0 0 0 0 0 0 0 0 0 0 C0 0 0 0 C0 0 0 0 0 0 0 0 0 0 0 0
0 0 0 0 0 0 30 0 0 0 30 0 0 0 0 0 0 0 0 0 0 0 0 0 0 0 0 0 30 0 0 0 30
0 0 0 0 0 0 0 0 0 0 0 0 0 0 0 0 0 30 0 0 0 30 0 0 0 0 0 0 0 0 0 0 0
0 0 0 0 0 0 30 0 0 0 30 0 0 0 0 0 0 0 0 0 0 0 0 0 0 0 0 3F C0 0 0 0 C0
0 0 0 0 0 0 0 0 0 0 0 0 0 0 0 0 3F C0 0 0 0 C0 0 0 0 0 0 0 0 0 0 0 0
0 0 0 0 0 0 0 0 0 0 0 0 0 0 0 0 0 0 0 0 0 0 0 0 0 0 0 0 0 0 0 0 0
0 0 0 0 0 0 0 0 0 0 0 0 0 0 0 0 3F FF 0 0 0 0 0 0 0 0 0 0 0 0 0 0 0
0 0 0 0 0 3F FF 0 0 0 0 0 0 0 0 0 0 0 0 0 0 0 0 0 0 0 0 30 C3 0 0 30 3
0 0 0 0 0 0 0 0 0 0 0 0 0 0 0 0 30 C3 0 0 30 3 0 0 0 0 0 0 0 0 0 0 0
0 0 0 0 0 30 C3 0 0 3F FF 0 0 0 0 0 0 0 0 0 0 0 0 0 0 0 0 30 C3 0 0 3F FF
0 0 0 0 0 0 0 0 0 0 0 0 0 0 0 0 30 C3 0 0 30 0 0 0 0 0 0 0 0 0 0 0 0
0 0 0 0 0 30 C3 0 0 30 0 0 0 0 0 0 0 0 0 0 0 0 0 0 0 0 0 F 3C 0 0 0 0
0 0 0 0 0 0 0 0 0 0 0 0 0 0 0 0 F 3C 0 0 0 0 0 0 0 0 0 0 0 0 0 0 0
0 0 0 0 0 0 0 0 0 0 0 0 0 0 0 0 0 0 0 0 0 0 0 0 0 0 0 0 0 0 0 0 0
0 0 0 0 0 0 0 0 0 0 0 0 0 0 0 0 30 F0 0 0 F C0 0 0 0 0 0 0 0 0 0 0 0
0 0 0 0 0 30 F0 0 0 F C0 0 0 0 0 0 0 0 0 0 0 0 0 0 0 0 0 C3 0 0 0 30 30
0 0 0 0 0 0 0 0 0 0 0 0 0 0 0 0 C3 0 0 0 30 30 0 0 0 0 0 0 0 0 0 0 0
0 0 0 0 0 C3 0 0 0 30 30 0 0 0 0 0 0 0 0 0 0 0 0 0 0 0 0 C3 0 0 0 30 30
0 0 0 0 0 0 0 0 0 0 0 0 0 0 0 0 C3 0 0 0 C C0 0 0 0 0 0 0 0 0 0 0 0
0 0 0 0 0 C3 0 0 0 C C0 0 0 0 0 0 0 0 0 0 0 0 0 0 0 0 0 3F F0 0 0 3F FF
0 0 0 0 0 0 0 0 0 0 0 0 0 0 0 0 3F F0 0 0 3F FF 0 0 0 0 0 0 0 0 0 0 0
0 0 0 0 0 0 0 0 0 0 0 0 0 0 0 0 0 0 0 0 0 0 0 0 0 0 0 0 0 0 0 0 0
0 0 0 0 0 0 0 0 0 0 0 0 0 0 0 0 0 30 0 0 0 0 0 0 0 0 0 0 0 0 0 0 0
0 0 0 0 0 0 30 0 0 0 0 0 0 0 0 0 0 0 0 0 0 0 0 0 0 0 0 0 30 0 0 C0 0
0 0 0 0 0 0 0 0 0 0 0 0 0 0 0 0 0 30 0 0 C0 0 0 0 0 0 0 0 0 0 0 0 0
0 0 0 0 0 F FF 0 0 3F 0 0 0 0 0 0 0 0 0 0 0 0 0 0 0 0 0 F FF 0 0 3F 0
0 0 0 0 0 0 0 0 0 0 0 0 0 0 0 0 30 30 0 0 F 0 0 0 0 0 0 0 0 0 0 0 0
0 0 0 0 0 30 30 0 0 F 0 0 0 0 0 0 0 0 0 0 0 0 0 0 0 0 0 C 30 0 0 0 0
0 0 0 0 0 0 0 0 0 0 0 0 0 0 0 0 C 30 0 0 0 0 0 0 0 0 0 0 0 0 0 0 0
0 0 0 0 0 0 0 0 0 0 0 0 0 0 0 0 0 0 0 0 0 0 0 0 0 0 0 0 0 0 0 0 0
0 0 0 0 0 0 0 0 0 0 0 0 0 0 0 0 F C0 0 0 0 0 0 0 0 0 0 0 0 0 0 0 0
0 0 0 0 0 F C0 0 0 0 0 0 0 0 0 0 0 0 0 0 0 0 0 0 0 0 0 33 30 0 0 0 0
0 0 0 0 0 0 0 0 0 0 0 0 0 0 0 0 33 30 0 0 0 0 0 0 0 0 0 0 0 0 0 0 0
0 0 0 0 0 33 30 0 0 0 0 0 0 0 0 0 0 0 0 0 0 0 0 0 0 0 0 33 30 0 0 0 0
0 0 0 0 0 0 0 0 0 0 0 0 0 0 0 0 33 30 0 0 0 0 0 0 0 0 0 0 0 0 0 0 0
0 0 0 0 0 33 30 0 0 0 0 0 0 0 0 0 0 0 0 0 0 0 0 0 0 0 0 3 C0 0 0 0 0
0 0 0 0 0 0 0 0 0 0 0 0 0 0 0 0 3 C0 0 0 0 0 0 0 0 0 0 0 0 0 0 0 0
0 0 0 0 0 0 0 0 0 0 0 0 0 0 0 0 0 0 0 0 0 0 0 0 0 0 0 0 0 0 0 0 0
0 0 0 0 0 0 0 0 0 0 0 0 0 0 0 0 0 0 0 0 0 0 0 0 0 0 0 0 0 0 0 0 0
0 0 0 0 0 0 0 0 0 0 0 0 0 0 0 0 0 0 0 0 0 0 0 0 0 0 0 0 0 0 0 0 0
0 0 0 0 0 0 0 0 0 0 0 0 0 0 0 0 0 0 0 0 0 0 0 0 0 0 0 0 0 0 0 0 0
0 0 0 0 0 33 FF 0 0 0 0 0 0 0 0 0 0 0 0 0 0 0 0 0 0 0 0 33 FF 0 0 0 0
0 0 0 0 0 0 0 0 0 0 0 0 0 0 0 0 0 0 0 0 0 0 0 0 0 0 0 0 0 0 0 0 0
0 0 0 0 0 0 0 0 0 0 0 0 0 0 0 0 0 0 0 0 0 0 0 0 0 0 0 0 0 0 0 0 0
0 0 0 0 0 0 0 0 0 0 0 0 0 0 0 0 0 0 0 0 0 0 0 0 0 0 0 0 0 0 0 0 0
0 0 0 0 0 0 0 0 0 0 0 0 0 0 0 0 0 0 0 0 0 0 0 0 0 0 0 0 0 0 0 0 0
0 0 0 0 0 0 0 0 0 0 0 0 0 0 0 0 0 0 0 0 0 0 0 0 0 0 0 0 0 0 0 0 0
0 0 0 0 0 0 0 0 0 0 0 0 0 0 0 0 0 0 0 0 0 0 0 0 0 0 0 0 0 0 0 0 0
0 0 0 0 0 0 0 0 0 0 0 0 0 0 0 0 0 0 0 0 0 0 0 0 0 0 0 0 0 0 0 0 0
0 0 0 0 0 0 0 0 0 0 0 0 0 0 0 0 0 0 0 0 0 0 0 0 0 0 0 0 0 0 0 0 0
0 0 0 0 0 0 0 0 0 0 0 0 0 0 0 0 0 0 0 0 0 0 0 0 0 0 0 0 0 0 0 0 0
0 0 0 0 0 0 0 0 0 0 0 0 0 0 0 0 0 0 0 0 0 0 0 0 0 0 0 0 0 0 0 0 0
0 0 0 0 0 0 0 0 0 0 0 0 0 0 0 0 0 0 0 0 0 0 0 0 0 0 0 0 0 0 0 0 0
0 0 0 0 0 0 0 0 0 0 0 0 0 0 0 0 0 0 0 0 0 0 0 0 0 0 0 0 0 0 0 0 0
0 0 0 0 0 0 0 0 0 0 0 0 0 0 0 0 0 0 0 0 0 0 0 0 0 0 0 0 0 0 0 0 0
0 0 0 0 0 0 0 0 0 0 0 0 0 0 0 0 0 0 0 0 0 0 0 0 0 0 0 0 0 0 0 0 0
0 0 0 0 0 0 0 0 0 0 0 0 0 0 0 0 0 0 0 0 0 0 0 0 0 0 0 0 0 0 0 0 0
0 0 0 0 0 0 0 0 0 0 0 0 0 0 0 0 0 0 0 0 0 0 0 0 0 0 0 0 0 0 0 0 0
0 0 0 0 0 0 0 0 0 0 0 0 0 0 0 0 0 0 0 0 0 0 0 0 0 0 0 0 0 0 0 0 0
0 0 0 0 0 0 0 0 0 0 0 0 0 0 0 0 0 0 0 0 0 0 0 0 0 0 0 0 0 0 0 0 0
0 0 0 0 0 0 0 0 0 0 0 0 0 0 0 0 0 0 0 0 0 0 0 0 0 0 0 0 0 0 0 0 0
0 0 0 0 0 0 0 0 0 0 0 0 0 0 0 0 0 0 0 0 0 0 0 0 0 0 0 0 0 0 0 0 0
0 0 0 0 0 0 0 0 0 0 0 0 0 0 0 0 0 0 0 0 0 0 0 0 0 0 0 0 0 0 0 0 0
0 0 0 0 0 0 0 0 0 0 0 0 0 0 0 0 0 0 0 0 0 0 0 0 0 0 0 0 0 0 0 0 0
0 0 0 0 0 0 0 0 0 0 0 0 0 0 0 0 0 0 0 0 0 0 0 0 0 0 0 0 0 0 0 0 0
0 0 0 0 0 0 0 0 0 0 0 0 0 0 0 0 0 0 0 0 0 0 0 0 0 0 0 0 0 0 0 0 0
0 0 0 0 0 0 0 0 0 0 0 0 0 0 0 0 0 0 0 0 0 0 0 0 0 0 0 0 0 0 0 0 0
0 0 0 0 0 0 0 0 0 0 0 0 0 0 0 0 0 0 0 0 0 0 0 0 0 0 0 0 0 0 0 0 0
0 0 0 0 0 0 0 0 0 0 0 0 0 0 0 0 0 0 0 0 0 0 0 0 0 0 0 0 0 0 0 0 0
0 0 0 0 0 0 0 0 0 0 0 0 0 0 0 0 0 0 0 0 0 0 0 0 0 0 0 0 0 0 0 0 0
0 0 0 0 0 0 0 0 0 0 0 0 0 0 0 0 0 0 0 0 0 0 0 0 0 0 0 0 0 0 0 0 0
0 0 0 0 0 0 0 0 0 0 0 0 0 0 0 0 0 0 0 0 0 0 0 0 0 0 0 0 0 0 0 0 0
0 0 0 0 0 0 0 0 0 0 0 0 0 0 0 0 0 0 0 0 0 0 0 0 0 0 0 0 0 0 0 0 0
0 0 0 0 0 0 0 0 0 0 0 0 0 0 0 0 0 0 0 0 0 0 0 0 0 0 0 0 0 0 0 0 0
0 0 0 0 0 0 0 0 0 0 0 0 0 0 0 0 0 0 0 0 0 0 0 0 0 0 0 0 0 0 0 0 0
0 0 0 0 0 0 0 0 0 0 0 0 0 0 0 0 0 0 0 0 0 0 0 0 0 0 0 0 0 0 0 0 0
0 0 0 0 0 0 0 0 0 0 0 0 0 0 0 0 0 0 0 0 0 0 0 0 0 0 0 0 0 0 0 0 0
0 0 0 0 0 0 0 0 0 0 0 0 0 0 0 0 0 0 0 0 0 0 0 0 0 0 0 0 0 0 0 0 0
0 0 0 0 0 0 0 0 0 0 0 0 0 0 0 0 0 0 0 0 0 0 0 0 0 0 0 0 0 0 0 0 0
0 0 0 0 0 0 0 0 0 0 0 0 0 0 0 0 0 0 0 0 0 0 0 0 0 0 0 0 0 0 0 0 0
0 0 0 0 0 0 0 0 0 0 0 0 0 0 0 0 0 0 0 0 0 0 0 0 0 0 0 0 0 0 0 0 0
0 0 0 0 0 0 0 0 0 0 0 0 0 0 0 0 0 0 0 0 0 0 0 0 0 0 0 0 0 0 0 0 0
0 0 0 0 0 0 0 0 0 0 0 0 0 0 0 0 0 0 0 0 0 0 0 0 0 0 0 0 0 0 0 0 0
0 0 0 0 0 0 0 0 0 0 0 0 0 0 0 0 0 0 0 0 0 0 0 0 0 0 0 0 0 0 0 0 0
0 0 0 0 0 0 0 0 0 0 0 0 0 0 0 0 0 0 0 0 0 0 0 0 0 0 0 0 0 0 0 0 0
0 0 0 0 0 0 0 0 0 0 0 0 0 0 0 0 0 0 0 0 0 0 0 0 0 0 0 0 0 0 0 0 0
0 0 0 0 0 0 0 0 0 0 0 0 0 0 0 0 0 0 0 0 0 0 0 0 0 0 0 0 0 0 0 0 0
0 0 0 0 0 0 0 0 0 0 0 0 0 0 0 0 0 0 0 0 0 0 0 0 0 0 0 0 0 0 0 0 0
0 0 0 0 0 0 0 0 0 0 0 0 0 0 0 0 0 0 0 0 0 0 0 0 0 0 0 0 0 0 0 0 0
0 0 0 0 0 0 0 0 0 0 0 0 0 0 0 0 0 0 0 0 0 0 0 0 0 0 0 0 0 0 0 0 0
0 0 0 0 0 0 0 0 0 0 0 0 0 0 0 0 0 0 0 0 0 0 0 0 0 0 0 0 0 0 0 0 0
0 0 0 0 0 0 0 0 0 0 0 0 0 0 0 0 0 0 0 0 0 0 0 0 0 0 0 0 0 0 0 0 0
0 0 0 0 0 0 0 0 0 0 0 0 0 0 0 0 0 0 0 0 0 0 0 0 0 0 0 0 0 0 0 0 0
0 0 0 0 0 0 0 0 0 0 0 0 0 0 0 0 0 0 0 0 0 0 0 0 0 0 0 0 0 0 0 0 0
0 0 0 0 0 0 0 0 0 0 0 0 0 0 0 0 0 0 0 0 0 0 0 0 0 0 0 0 0 0 0 0 0
0 0 0 0 0 0 0 0 0 0 0 0 0 0 0 0 0 0 0 0 0 0 0 0 0 0 0 0 0 0 0 0 0
0 0 0 0 0 0 0 0 0 0 0 0 0 0 0 0 0 0 0 0 0 0 0 0 0 0 0 0 0 0 0 0 0
0 0 0 0 0 0 0 0 0 0 0 0 0 0 0 0 0 0 0 0 0 0 0 0 0 0 0 0 0 0 0 0 0
0 0 0 0 0 0 0 0 0 0 0 0 0 0 0 0 0 0 0 0 0 0 0 0 0 0 0 0 0 0 0 0 0
0 0 0 0 0 0 0 0 0 0 0 0 0 0 0 0 0 0 0 0 0 0 0 0 0 0 0 0 0 0 0 0 0
0 0 0 0 0 0 0 0 0 0 0 0 0 0 0 0 0 0 0 0 0 0 0 0 0 0 0 0 0 0 0 0 0
0 0 0 0 0 0 0 0 0 0 0 0 0 0 0 0 0 0 0 0 0 0 0 0 0 0 0 0 0 0 0 0 0
0 0 0 0 0 0 0 0 0 0 0 0 0 0 0 0 0 0 0 0 0 0 0 0 0 0 0 0 0 0 0 0 0
0 0 0 0 0 0 0 0 0 0 0 0 0 0 0 0 0 0 0 0 0 0 0 0 0 0 0 0 0 0 0 0 0
0 0 0 0 0 0 0 0 0 0 0 0 0 0 0 0 0 0 0 0 0 0 0 0 0 0 0 0 0 0 0 0 0
0 0 0 0 0 0 0 0 0 0 0 0 0 0 0 0 0 0 0 0 0 0 0 0 0 0 0 0 0 0 0 0 0
0 0 0 0 0 0 0 0 0 0 0 0 0 0 0 0 0 0 0 0 0 0 0 0 0 0 0 0 0 0 0 0 0
0 0 0 0 0 0 0 0 0 0 0 0 0 0 0 0 0 0 0 0 0 0 0 0 0 0 0 0 0 0 0 0 0
0 0 0 0 0 0 0 0 0 0 0 0 0 0 0 0 0 0 0 0 0 0 0 0 0 0 0 0 0 0 0 0 0
0 0 0 0 0 0 0 0 0 0 0 0 0 0 0 0 0 0 0 0 0 0 0 0 0 0 0 0 0 0 0 0 0